0.4
0.6
1
2
3
4
3
2
1
0.8
0.6
0.4
0.6
0.8
1
2
3
4
3
2
1
0.8
0.6
0.4
0.4
0.6
1
2
3
4
3
2
1
0.8
0.6
0.4
0.6
0.8
1
2
3
4
3
2
1
0.8
0.6
0.4
0.4
0.6
1
2
3
4
3
2
1
0.8
0.6
0.4
0.6
0.8
1
2
3
4
3
2
1
0.8
0.6
0.4
0.4
0.6
1
2
3
4
3
2
1
0.8
0.6
0.4
0.6
0.8
1
2
3
4
3
2
1
0.8
0.6
0.4
0.4
0.6
1
2
3
4
3
2
1
0.8
0.6
0.4
0.6
0.8
1
2
3
4
3
2
1
0.8
0.6
0.4
0.4
0.6
1
2
3
4
3
2
1
0.8
0.6
0.4
0.6
0.8
1
2
3
4
3
2
1
0.8
0.6
0.4
0.4
0.6
1
2
3
4
3
2
1
0.8
0.6
0.4
0.6
0.8
1
2
3
4
3
2
1
0.8
0.6
0.4
0.4
0.6
1
2
3
4
3
2
1
0.8
0.6
0.4
0.6
0.8
1
2
3
4
3
2
1
0.8
0.6
0.4
0.4
0.6
1
2
3
4
3
2
1
0.8
0.6
0.4
0.6
0.8
1
2
3
4
3
2
1
0.8
0.6
0.4
0.4
0.6
1
2
3
4
3
2
1
0.8
0.6
0.4
0.6
0.8
1
2
3
4
3
2
1
0.8
0.6
0.4
0.4
0.6
1
2
3
4
3
2
1
0.8
0.6
0.4
0.6
0.8
1
2
3
4
3
2
1
0.8
0.6
0.4
0.4
0.6
1
2
3
4
3
2
1
0.8
0.6
0.4
0.6
0.8
1
2
3
4
3
2
1
0.8
0.6
0.4
0.4
0.6
1
2
3
4
3
2
1
0.8
0.6
0.4
0.6
0.8
1
2
3
4
3
2
1
0.8
0.6
0.4
0.4
0.6
1
2
3
4
3
2
1
0.8
0.6
0.4
0.6
0.8
1
2
3
4
3
2
1
0.8
0.6
0.4
0.4
0.6
1
2
3
4
3
2
1
0.8
0.6
0.4
0.6
0.8
1
2
3
4
3
2
1
0.8
0.6
0.4
0
0
0
0
0
0
0
0
0
0
0
0
0
0
0
0
0
0
0
0
0
0
0
0
0
0
0
0
0
0
0
0
0
0
0
00
0
0
0
0
0
0
0
0
0
0
0
0
0
0
0
0
0
0
0
0
0
0
0
0
0
0
0
0
0
0
0
0
0
0