5
5
5
5
5
5
5
5
5
5
5
5
5
5
5
5
5
5.000001
5.000003
5.000013
5.000046
5.000133
5.000345
5.000806
5.001734
5.003478
5.006576
5.011814
5.020297
5.033534
5.053515
5.082804
5.124616
5.182906
5.262436
5.368838
5.508664
5.689413
5.919547
6.208478
6.566544
7.004949
7.535694
8.171481
8.9256
9.81179
10.844097
12.03671
13.40379
14.959291
16.716777
18.689237
20.888909
23.327099
26.014016
28.958614
32.168452
35.649561
39.406336
43.441443
47.755744
52.348245
57.216063
62.354412
67.756613
73.414121
79.316567
85.451831
91.80611
98.364027
105.108729
112.022014
119.084461
126.275573
133.573916
140.957278
148.402822
155.887241
163.386914
170.878065
178.33691
185.739811
193.06341
200.284775
207.381521
214.331933
221.115079
227.710913
234.100364
240.265421
246.189205
251.856032
257.251462
262.362343
267.176843
271.684467
275.876075
279.743886
283.281466
286.483724
289.346885
291.868466
294.047243
295.883208
297.37753
298.532502
299.35149
299.838876
300
299.841098
299.369239
298.592263
297.518711
296.157768
294.519188
292.613239
290.450633
288.042466
285.400157
282.535389
279.46005
276.18618
272.725919
269.091453
265.29497
261.348615
257.264446
253.054395
248.730235
244.30354
239.785662
235.187695
230.520456
225.794462
221.019905
216.206641
211.364172
206.501632
201.627782
196.750997
191.879261
187.020166
182.180906
177.368278
172.588684
167.848131
163.152239
158.506241
153.914994
149.382982
144.914328
140.512801
136.181825
131.92449
127.743566
123.641508
119.620473
115.682329
111.828669
108.060821
104.379863
100.786635
97.281749
93.865602
90.538393
87.300127
84.150634
81.089576
78.11646
75.23065
72.431377
69.717747
67.088757
64.543299
62.080171
59.69809
57.395693
55.171552
53.024181
50.952039
48.953543
47.02707
45.170965
43.383551
41.663127
40.007981
38.416388
36.886621
35.416951
34.005654
32.651011
31.351315
30.104872
28.910007
27.765062
26.6684
25.61841
24.613505
23.652127
22.732745
21.85386
21.014004
20.21174
19.445665
18.714411
18.016642
17.351058
16.716394
16.11142
15.53494
14.985797
14.462863
13.965051
13.491304
13.0406
12.611954
12.20441
11.817048
11.448979
11.099345
10.76732
10.45211
10.152947
9.869095
9.599846
9.344519
9.102461
8.873043
8.655663
8.449745
8.254735
8.070102
7.895339
7.72996
7.573501
7.425516
7.285582
7.153291
7.028257
6.910109
6.798494
6.693076
6.593532
6.499558
6.410861
6.327164
6.248203
6.173724
6.10349
6.037273
5.974855
5.916032
5.860607
5.808395
5.759221
5.712916
5.669321
5.628287
5.589671
5.553336
5.519155
5.487007
5.456775
5.428352
5.401633
5.376522
5.352926
5.330757
5.309933
5.290376
5.272012
5.25477
5.238586
5.223398
5.209145
5.195773
5.18323
5.171465
5.160433
5.15009
5.140394
5.131306
5.122789
5.114809
5.107333
5.10033
5.093772
5.08763
5.08188
5.076497
5.071459
5.066744
5.062332
5.058204
5.054343
5.050732
5.047354
5.044196
5.041244
5.038484
5.035904
5.033493
5.031241
5.029136
5.02717
5.025334
5.023619
5.022017
5.020522
5.019126
5.017823
5.016607
5.015473
5.014414
5.013426
5.012504
5.011645
5.010843
5.010096
5.009399
5.008749
5.008143
5.007578
5.007052
5.006562
5.006105
5.005679
5.005283
5.004914
5.00457
5.004249
5.003951
5.003673
5.003415
5.003174
5.00295
5.002742
5.002548
5.002368
5.0022
5.002044
5.001898
5.001763
5
5
5
5
5
5
5
5
5
5
5
5
5
5
5
5
5